9.700074513710156054e+00
7.160720863407326497e+00
1.175729267826525337e+01
7.317018631679043317e+00
1.760829943978879797e+01
6.243743182280536708e+00
7.647911913647959636e+00
8.115729173812582076e+00
8.753119344354860942e+00
6.353208243334725225e+00
5.439798173878883425e+00
6.746651764612751734e+00
8.243862733535129550e+00
9.515912647899289922e+00
9.070153781070247945e+00
9.597318636899162314e+00
8.700442097000673058e+00
1.246817818186214843e+01
9.111597007515261026e+00
9.516706724789724348e+00
7.470682478485630718e+00
1.112797840860960719e+01
8.383561650316321945e+00
6.989668088014829195e+00
6.067842774235085557e+00
5.830368430813485325e+00
1.479381376753102195e+01
6.123165856298651732e+00
1.411081483045053453e+01
5.408606786860022275e+00
9.769465030003058104e+00
7.962165058917766380e+00
7.638561203307305369e+00
1.116039615024008569e+01
1.040671347946681458e+01
1.257751858242518317e+01
8.413197497667784575e+00
6.821701979498874913e+00
1.024068826183468417e+01
5.735919455623711194e+00
4.689738902411585642e+00
1.254223295269570215e+01
6.623363084293956149e+00
8.745816191013668472e+00
1.508911206050545140e+01
1.030710115179601694e+01
1.007629703166869639e+01
7.439704063919403865e+00
8.166682011682363296e+00
1.191339651056359905e+01
7.635142444310127452e+00
9.094260291235906735e+00
9.998322033684500454e+00
6.386363158941701812e+00
1.352154155420100423e+01
7.666982103114498237e+00
6.857875934086503200e+00
1.022110147864582608e+01
9.576728960972191729e+00
9.912261191485630007e+00
7.277885446490919286e+00
7.945996617948222429e+00
1.395833645572361092e+01
6.581822631405171542e+00
1.623712416219825272e+01
6.479835310308134311e+00
8.435762419241596533e+00
5.681193219653331461e+00
1.308585673554061479e+01
8.394881458445638600e+00
5.729775130685522910e+00
1.417319169910352272e+01
7.922168366545612628e+00
1.042834782811270777e+01
1.309038049997143993e+01
1.371262019459766002e+01
5.911324888662168320e+00
1.220277709826883772e+01
7.029192809367603267e+00
7.017559730619020719e+00
1.089309720801841230e+01
1.105948428504439107e+01
1.493040237324004416e+01
4.911001305922408910e+00
4.903973461433851710e+00
7.909852730629296502e+00
1.986138814904899519e+01
4.037414521574814508e+00
1.574372742266351644e+01
9.183725909120465047e+00
6.070784243478244413e+00
7.016863513438304167e+00
7.702180864646885894e+00
5.919711974740252458e+00
1.500166768666634454e+01
7.357462314501862721e+00
9.161776146486765526e+00
9.063635186481834083e+00
8.828266672422870442e+00
1.539451627925234867e+01
9.939704875439486997e+00
1.771315891571951440e+01
1.105542300054294635e+01
1.215356166153259565e+01
9.245761742443610487e+00
4.309263623394545384e+00
8.840259231524571604e+00
6.846076761130930777e+00
8.594644462801046103e+00
1.027078999445341978e+01
7.998930805499483654e+00
1.007697955104296206e+01
6.303582933075349892e+00
9.912526466464136377e+00
1.330032487847081057e+01
1.760613213689960688e+01
1.372384396916123883e+01
1.204800634752997013e+01
7.761758961247649857e+00
9.857881916047160686e+00
9.153376483325159185e+00
1.106116350767625001e+01
6.018704051410079359e+00
8.905180123228127798e+00
6.144148283540567412e+00
1.290370815957196093e+01
1.239962975340496776e+01
1.365905074557032783e+01
9.134787965669952214e+00
7.485056772078607423e+00
5.134690098496986543e+00
6.234145465861877788e+00
6.012178959483495788e+00
1.483364585028204452e+01
9.506517413249548909e+00
1.275470235262575969e+01
1.680278872900025888e+01
7.102508307910269103e+00
1.025681294856986092e+01
1.213324415351497265e+01
1.348113366901565868e+01
1.039460851046410106e+01
1.453031183130004145e+01
1.052570644372392472e+01
1.769482881361980020e+01
9.421667634256847279e+00
1.530916667813967003e+01
1.213284787276735699e+01
5.416707829733164559e+00
8.872188931413170110e+00
8.416743410935325187e+00
9.026378657159565222e+00
1.506938733100864880e+01
1.249664340415627883e+01
1.201291887480025267e+01
6.844545239916031143e+00
7.606599644411057959e+00
7.980217310577873313e+00
4.942999095513373575e+00
5.308086232237524626e+00
4.712505918850884434e+00
9.164302408127813493e+00
9.051761732847088737e+00
8.141497523387425161e+00
7.421164845562457479e+00
1.147933340911764688e+01
1.475400056126735215e+01
7.802856329417457992e+00
1.118315571972863154e+01
1.078774476545150129e+01
1.537326289292158243e+01
1.001691640136596817e+01
5.331816992861630133e+00
1.149784645917936921e+01
1.585279093718820675e+01
5.948740236509440393e+00
1.659791498758763240e+01
1.283525032685311729e+01
6.146616881672295030e+00
9.224225776477501526e+00
1.491849410029873724e+01
1.397965043647623595e+01
1.026573261314083219e+01
6.655464252710173945e+00
9.984761978446075048e+00
8.798654409733407178e+00
9.074666327376091246e+00
8.457667816083958456e+00
7.899255222301415635e+00
5.375185361787772287e+00
1.030068401439862136e+01
1.367488032947927934e+01
6.885688739204534947e+00
5.891955623006295717e+00
6.602443263143519481e+00
6.957046577078052962e+00
1.234364817586242147e+01
1.143406149753051615e+01
1.137510634525199826e+01
1.283640821562192436e+01
5.647864010979193772e+00
4.335126953880184431e+00
5.718431413532528929e+00
8.874981806935412720e+00
9.028363159516150205e+00
6.830237701213705215e+00
9.974562811408302920e+00
7.052010755854034585e+00
7.625705492739647262e+00
6.808537587038006933e+00
1.034727171145014779e+01
5.829391395889041760e+00
6.850780263048078744e+00
7.776690192134483759e+00
4.991423354315469574e+00
8.995719239225453023e+00
4.974928043199514427e+00
8.448906771608672983e+00
5.232302436758032194e+00
6.650032389355889251e+00
9.244591422307159689e+00
1.418103889636506310e+01
1.224996644536257406e+01
8.444628048152905464e+00
7.542412647203235565e+00
1.109088535542425902e+01
1.149018606684201060e+01
8.287719518921937478e+00
6.309269926795654015e+00
1.095952661543587325e+01
8.715670160559179536e+00
6.481221168188269210e+00
1.121296428630126663e+01
1.188263322260045207e+01
5.690660425019953728e+00
8.548834566584643468e+00
6.028309159079324075e+00
1.101529815603453599e+01
1.009497102047297723e+01
1.890449986352661327e+01
9.387438984633465822e+00
6.425679905213788068e+00
9.817694079458551215e+00
8.855319555831027145e+00
1.087543310013933429e+01
1.110994793952431969e+01
9.037455648405861908e+00
6.754419160018140467e+00
1.191396146189184080e+01
9.627800577419005634e+00
