3.385696443090111529e-01
4.404783208492672048e-02
4.040890408968395714e-02
6.938101220621774312e-02
6.963215565500334436e-02
1.556254781114213004e-01
8.088014882537966632e-02
4.245859116999458997e-03
1.328307238667483514e-01
2.541355798125948667e-02
5.176085100640542835e-02
5.526272436830023671e-02
6.855958558972288786e-02
7.180016165448825649e-02
2.175436110496420730e-02
4.946747792647899766e-01
1.866259543032987994e-02
4.141194467861363665e-02
1.055460393369707373e-01
1.340992133779088033e-02
1.438954186217724501e-02
1.457645207380896257e-01
8.115744575477872036e-02
1.070943395183265312e-01
7.051019239198950093e-03
8.970619614142031489e-03
3.295701510093531489e-02
2.576240607636930413e-01
1.814921006519086555e-02
5.906281370397585828e-01
8.790904326833277882e-02
1.726906859059433932e-02
7.215140057243946657e-03
2.117441981304625520e-02
2.172800685010760902e-01
7.189445501376699743e-02
2.115977199864426950e-01
2.813455742376929636e-01
2.501097040246161654e-02
2.645471431750152924e-02
7.179319580980489390e-02
2.934936980887584840e-02
1.147125293755728997e-02
1.099341547427930138e-01
6.992846479920712677e-02
1.122534665354476963e-01
1.795745804141716390e-02
6.099312416234791388e-03
4.914297811158128970e-02
1.179240974155774557e+00
6.281554456560976829e-02
1.241324764769345806e-01
2.923194988325169066e-02
1.267208109001338456e-01
6.889142145729172662e-02
8.071498465432733888e-03
7.480014020522701701e-02
5.605691680421185513e-02
1.044703603389740554e-01
5.894919591804936854e-02
2.961118684574741422e-02
2.162045993151537684e-02
4.369667154079128618e-03
1.291739737459493664e+00
7.629761551648622797e-01
6.214174836012820169e-01
5.882257278046264526e-01
7.497732010804402103e-01
7.145637897881934597e-01
1.486065240800244158e+00
2.241920240078895787e+00
1.199006576719326089e+00
1.161399174740479934e+00
9.033794972952337021e-01
1.239735234234977446e+00
5.786065143051760673e-01
8.912744590697521119e-01
7.337251019444849254e-01
9.667144155158086116e-01
3.955787814144762771e-01
9.072660801254979202e-01
2.291089819199160882e+00
1.214015285062242100e+00
1.005518294732450801e+00
6.076581902271922520e-01
5.463246169489512916e-01
6.784996661692931363e-01
1.079862403979802821e+00
1.617486525240289019e+00
9.673284793033203321e-01
6.307163622028367778e-01
9.262548748860137682e-01
7.296848536990444556e-01
9.955284824690646683e-01
7.980329913246451135e-01
1.402446162909860794e+00
1.160080402928826526e+00
6.167062849178752693e-01
1.104304512139693495e+00
1.347519835294842316e+00
1.716210363536949890e+00
9.319220829350429725e-01
8.379747556288257293e-01
1.328177276209992375e+00
4.335882015501759668e-01
8.454694998204064227e-01
8.953022689582073035e-01
1.181786501676319157e+00
7.044995540249925359e-01
5.367277916288928363e-01
1.308031755660826967e+00
4.923500686737080634e-01
1.101990633639250872e+00
5.594073994231435476e-01
4.371567057150744229e-01
1.249394913063215817e+00
1.557403084780223823e+00
7.112068589102613636e-01
1.252071637622956590e+00
9.143572903313803568e-01
8.078671707430606919e-01
8.111506839080158127e-01
6.599465546370444358e-01
1.083073589307668838e+00
1.616316906167021283e+00
3.115177179053794654e-01
